1
100 1 640 10000 2000000 DT 0.3125 0.4625 0.1875 0.0375
150 1 640 10000 2000000 DT 0.3125 0.4625 0.1875 0.0375
200 1 640 10000 2000000 DT 0.3125 0.4625 0.1875 0.0375
250 1 640 10000 2000000 DT 0.3125 0.4625 0.1875 0.0375
300 1 640 10000 2000000 DT 0.3125 0.4625 0.1875 0.0375
5
350 1 640 10000 2000000 DT 0.3125 0.4625 0.1875 0.0375
400 1 640 10000 2000000 DT 0.3125 0.4625 0.1875 0.0375

450 1 640 10000 2000000 DT 0.3125 0.4625 0.1875 0.0375
500 1 640 10000 2000000 DT 0.3125 0.4625 0.1875 0.0375
550 1 640 10000 2000000 DT 0.3125 0.4625 0.1875 0.0375
600 1 640 10000 2000000 DT 0.3125 0.4625 0.1875 0.0375
2
50 1 640 10000 2000000 DT 0.3125 0.4625 0.1875 0.0375
100 1 640 10000 2000000 DT 0.1234 0.4547 0.2953 0.1266
3
150 1 640 10000 2000000 DT 0.1234 0.4547 0.2953 0.1266
200 1 640 10000 2000000 DT 0.1234 0.4547 0.2953 0.1266
250 1 640 10000 2000000 DT 0.1234 0.4547 0.2953 0.1266
300 1 640 10000 2000000 DT 0.1234 0.4547 0.2953 0.1266
350 1 640 10000 2000000 DT 0.1234 0.4547 0.2953 0.1266
400 1 640 10000 2000000 DT 0.1234 0.4547 0.2953 0.1266
450 1 640 10000 2000000 DT 0.1234 0.4547 0.2953 0.1266
4
50 1 640 10000 2000000 DT 0 0.4 0.3 0.3
100 1 640 10000 2000000 DT 0 0.4 0.3 0.3
150 1 640 10000 2000000 DT 0 0.4 0.3 0.3
200 1 640 10000 2000000 DT 0 0.4 0.3 0.3
250 1 640 10000 2000000 DT 0 0.4 0.3 0.3
300 1 640 10000 2000000 DT 0 0.4 0.3 0.3
350 1 640 10000 2000000 DT 0 0.4 0.3 0.3